Mach Virtual Memory Statistics: (page size of 4096 bytes)
free   active   specul inactive throttle    wired  prgable   faults     copy    0fill reactive   purged file-backed anonymous cmprssed cmprssor  dcomprs   comprs  pageins  pageout  swapins swapouts
4945   435979      491   435164        0   835297     3199 4645780K 70314355 1902649K  238072K  103605K      222196    649438  2396729   385007  257248K  357289K  111666K  1266921 63092446 66284402
3620   436089      492   435255        0   834831    10249    13479        0    11969    45810     1868      222197    649639  2401316   386619       35     4625        0        0        0        0
4500   439842      696   438789        0   826153    19579    13004        0     2602     4035        0      222198    657129  2404901   386887        2     3587        0        0        0        0
13749   434041      707   432823        0   823415    19581    22647        0     7247    16185        0      222204    645367  2420659   392189       97    15855        0        1        0        0
12012   434924      894   433560        0   823321    19181    13333        0     2756       12        0      222391    646987  2420582   392189        1        0      190        0        0        0
11290   435717      895   434578        0   822163    18435    12977        0     2589        0        0      222392    648798  2420579   392189        1        0        0        0        0        0
8596   437311      895   436114        0   821819    18743    14696        0     4290        0        0      222393    651927  2420574   392189        5        0        1        0        0        0
5946   438580      896   437071        0   822175    18743    12990        0     2596        0        0      222394    654153  2420570   392189        4        0        0        0        0        0
31862   425457     1045   424350        0   822108    18743    10396        0       10        0        0      222394    628458  2420569   392189        1        0        0        0        0        0
34078   419773     1071   423432        0   826334     9827    16455      136      292        0        0      222466    621810  2420566   392189       23        0       52        0        0        0
41439   416773     1290   423416        0   821710     9830    10740        1       83        0        6      222685    618794  2420565   392189        1        0      218        0        0        0
41959   417076     1294   422674        0   821712     9446    11111        1      688        0        0      222691    618353  2420554   392189       11        0        0        0        0        0
41975   417089     1294   422674        0   821712     9446    10402        0       16        0        0      222691    618366  2420553   392189        1        0        0        0        0        0
41876   417098     1327   422674        0   821712     9446    10752        0       21        0        0      222724    618375  2420550   392189        3        0        0        0        0        0
41693   417905     1327   422418        0   821362     9796    10312        0      258        0        0      222724    618926  2420547   392189        3        0        0        0        0        0
41620   417456     1327   422636        0   821712     9796    10771        0      159        0        0      222724    618695  2420545   392189        2        0        0        0        0        0
41999   417210     1328   422511        0   821713     9446    11662        0     1276        0        0      222726    618323  2420544   392189        1        0        2        0        0        0
41787   417213     1410   422506        0   821717     9446    10423        0       29        0        0      222808    618321  2420541   392189        3        0        0        0        0        0
41808   417483     1411   422282        0   821718     9446    10443        0       44        0        0      222809    618367  2420534   392189        7        0        0        0        0        0
41865   417509     1411   422270        0   821723     9446    10436        0       48       13        0      222809    618381  2420533   392189        1        0        0        0        0        0
41750   418046     1411   422010        0   821643     9446    11124        0      562        0        0      222809    618658  2420257   392075       36        0        0        0        0        0